# Created by Octave 4.0.0, Sun Dec 23 13:53:40 2018 IST <kashyap@the-machine>
# name: colors
# type: uint8 matrix
# ndims: 2
 13 3
 0
 233
 0
 149
 222
 255
 0
 106
 117
 240
 0
 249
 225
 0
 89
 218
 0
 241
 206
 224
 136
 29
 35
 167
 139
 229
 255
 48
 0
 240
 24
 206
 229
 204
 41
 235
 156
 0
 194


