# Created by Octave 4.0.0, Sun Dec 23 14:08:49 2018 IST <kashyap@the-machine>
# name: colors
# type: uint8 matrix
# ndims: 2
 37 3
 128
 255
 0
 0
 255
 255
 0
 64
 128
 128
 0
 64
 0
 192
 192
 0
 0
 128
 128
 255
 255
 0
 0
 32
 32
 192
 32
 32
 64
 64
 128
 128
 16
 72
 200
 72
 200
 128
 0
 255
 0
 255
 0
 255
 255
 128
 0
 128
 0
 64
 64
 0
 192
 64
 0
 255
 128
 0
 128
 255
 32
 192
 32
 64
 128
 32
 100
 64
 32
 72
 16
 72
 200
 16
 128
 0
 0
 255
 0
 255
 255
 0
 0
 128
 128
 192
 96
 0
 64
 64
 192
 255
 0
 0
 128
 255
 128
 192
 32
 32
 128
 64
 128
 16
 32
 64
 200
 200
 16
 16
 72


